#Primera zona

#Suelo
1000 25 1000 25

#Tuberias
850 63 25 13
1150 75 25 25
1375 88 25 38
1675 88 25 38

#Bloques
463 113 13 13
613 113 63 13
613 180 13 13
1863 180 13 13

#Segunda zona
2301 25 227 25

#Bloques
2287 113 63 13
2473 188 123 13

#Tercera zona
3547 25 927 25

#Bloques
2820 188 100 13
2895 113 13 13
3095 113 25 13
3233 113 13 13
3308 113 13 13
3383 113 13 13
3308 188 13 13
3608 113 13 13
3708 188 38 13
3954 188 50 13
3954 113 25 13

#Escalones 1
4100 63 50 13
4113 88 37 13
4125 113 25 13

#Escalones 2
4250 63 50 13
4238 88 38 13
4225 113 25 13

#Escalones 3
4424 63 50 13
4437 88 37 13
4449 113 25 13

#Tercera zona
5311 25 763 25